# FEAT_ID     Feature Postfix Expression (RPN)
0             175|5|add
1             111|42|add
2             12|11|add
3             175|11|add
4             79|5|add
5             173|120|add
6             111|79|add
7             164|27|add
8             46|0|sub
9             79|11|add
10            182|54|add
11            120|6|add
12            131|5|add
13            111|6|add
14            131|11|add
15            151|27|add
16            174|157|add
17            173|111|add
18            5|0|sub
19            11|0|sub
#-----------------------------------------------------------------------
20            91|cb
21            32|73|div
22            50|73|div
23            32|4|sub
24            40|164|div
25            84|151|div
26            136|73|div
27            182|73|div
28            154|73|div
29            58|73|div
30            40|73|div
31            134|73|div
32            41|73|div
33            178|73|div
34            67|73|div
35            121|73|div
36            77|73|div
37            115|40|sub
38            176|73|div
39            156|73|div
#-----------------------------------------------------------------------
40            126|75|mult
41            125|70|div
42            93|70|div
43            81|126|div
44            51|112|div
45            144|40|sub
46            27|0|div
47            75|0|mult
48            19|35|div
49            178|40|sub
50            141|40|sub
51            134|40|sub
52            41|40|sub
53            130|75|mult
54            130|51|mult
55            21|132|div
56            112|40|sub
57            94|25|div
58            59|25|div
59            161|0|mult
#-----------------------------------------------------------------------
60            52|43|mult
61            57|16|div
62            52|26|mult
63            93|92|div
64            102|30|div
65            52|21|mult
66            141|52|mult
67            52|27|mult
68            133|105|mult
69            105|52|mult
70            133|26|mult
71            57|170|div
72            57|158|div
73            57|147|div
74            137|52|mult
75            145|105|mult
76            133|27|mult
77            57|18|div
78            57|107|div
79            21|129|div
#-----------------------------------------------------------------------
80            90|57|sub
81            121|112|add
82            127|90|add
83            127|175|div
84            127|112|add
85            90|12|div
86            90|70|add
87            70|61|add
88            51|131|div
89            51|92|div
90            51|144|div
91            90|173|div
92            61|92|div
93            168|90|sub
94            61|173|div
95            90|29|div
96            64|92|div
97            123|92|div
98            90|92|div
99            90|131|div
#-----------------------------------------------------------------------
