# FEAT_ID     Feature Postfix Expression (RPN)
0             106|17|add
1             106|1|add
2             367|296|add
3             377|367|add
4             64|32|add
5             367|219|add
6             64|17|add
7             64|20|add
8             219|106|add
9             367|301|add
10            219|64|add
11            106|20|add
12            106|32|add
13            367|168|add
14            367|155|add
15            272|64|add
16            367|17|add
17            272|106|add
18            228|64|add
19            228|106|add
#-----------------------------------------------------------------------
20            98|33|sub
21            115|28|add
22            290|65|sub
23            362|24|sub
24            318|283|sub
25            168|28|add
26            33|24|sub
27            324|7|mult
28            212|28|add
29            24|7|sub
30            355|28|add
31            161|24|sub
32            49|28|add
33            144|28|add
34            271|28|add
35            250|173|div
36            282|24|sub
37            290|257|sub
38            345|290|sub
39            7|173|div
#-----------------------------------------------------------------------
40            370|120|add
41            370|33|add
42            242|241|div
43            318|33|add
44            242|127|mult
45            318|294|sub
46            370|40|add
47            242|110|mult
48            154|66|mult
49            242|154|mult
50            126|55|div
51            370|299|sub
52            318|40|add
53            360|64|div
54            318|299|sub
55            360|251|mult
56            318|239|sub
57            318|260|sub
58            360|242|mult
59            154|106|div
#-----------------------------------------------------------------------
60            370|94|add
61            66|12|mult
62            35|335|div
63            9|55|div
64            371|55|div
65            360|40|mult
66            324|55|div
67            242|335|div
68            157|36|div
69            157|70|div
70            236|66|mult
71            360|152|sub
72            12|55|div
73            321|66|mult
74            246|66|mult
75            66|0|mult
76            360|97|div
77            113|55|div
78            68|55|div
79            121|55|div
#-----------------------------------------------------------------------
80            10|45|div
81            58|372|div
82            97|237|div
83            119|372|div
84            324|45|div
85            200|66|mult
86            58|45|div
87            241|372|div
88            261|66|mult
89            110|45|div
90            211|237|div
91            83|372|div
92            107|66|mult
93            278|372|div
94            62|372|div
95            344|372|div
96            344|45|div
97            126|66|mult
98            99|372|div
99            66|11|mult
#-----------------------------------------------------------------------
