# FEAT_ID     Feature Postfix Expression (RPN)
0             303|265|sub
1             209|119|add
2             204|81|add
3             146|83|add
4             215|83|add
5             333|119|add
6             225|119|add
7             204|179|add
8             119|81|add
9             179|119|add
10            373|297|sub
11            227|204|add
12            225|204|add
13            303|289|add
14            303|225|add
15            303|83|add
16            303|227|add
17            303|17|sub
18            119|83|add
19            204|83|add
#-----------------------------------------------------------------------
20            284|176|div
21            270|28|mult
22            284|287|div
23            284|234|div
24            288|270|add
25            284
26            284|68|div
27            284|60|div
28            26|321|div
29            284|282|div
30            284|271|sub
31            284|269|sub
32            270|203|mult
33            270|169|mult
34            284|96|div
35            284|149|add
36            364|284|sub
37            284|240|add
38            284|45|add
39            288|284|add
#-----------------------------------------------------------------------
40            80|184|div
41            68|168|div
42            262|222|mult
43            60|168|div
44            41|238|div
45            297|222|mult
46            171|238|div
47            119|185|div
48            42|155|div
49            141|348|div
50            280|177|div
51            42|177|div
52            131|357|div
53            297|296|mult
54            292|9|mult
55            302|34|add
56            292|185|div
57            1|185|div
58            285|185|div
59            132|357|div
#-----------------------------------------------------------------------
60            287|184|div
61            12|184|div
62            162|184|div
63            157|184|div
64            176|184|div
65            314|184|div
66            69|184|div
67            225|184|div
68            218|184|div
69            59|184|div
70            348|184|div
71            138|184|div
72            229|184|div
73            323|184|div
74            227|184|div
75            373|184|div
76            264|184|div
77            191|184|div
78            239|184|div
79            289|184|div
#-----------------------------------------------------------------------
80            316|68|mult
81            316|60|mult
82            223|68|mult
83            223|60|mult
84            228|7|div
85            236|68|mult
86            236|60|mult
87            133|68|mult
88            133|60|mult
89            62|179|div
90            47|179|div
91            173|179|div
92            228|68|mult
93            228|60|mult
94            363|295|div
95            297|223|mult
96            38|295|div
97            113|295|div
98            115|295|div
99            375|297|mult
#-----------------------------------------------------------------------
