# FEAT_ID     Feature Postfix Expression (RPN)
0             353|112|add
1             157|78|add
2             354|182|add
3             334|159|add
4             334|112|add
5             354|353|sub
6             162|157|add
7             334|157|add
8             157|100|add
9             354|334|sub
10            104|45|sub
11            354|78|sub
12            157
13            339|157|add
14            211|157|add
15            354|162|sub
16            159|157|add
17            157|37|add
18            157|44|add
19            171|157|add
#-----------------------------------------------------------------------
20            247|42|sub
21            237|139|add
22            237|69|add
23            237|228|sub
24            324|271|add
25            247|72|add
26            237|109|add
27            247|27|sub
28            237|59|mult
29            237|42|sub
30            237|89|sub
31            237|216|sub
32            237|27|sub
33            237|184|sub
34            247|89|sub
35            237|63|add
36            237|200|add
37            370|237|sub
38            370|247|sub
39            237|72|add
#-----------------------------------------------------------------------
40            98|158|div
41            200|36|sub
42            296|313|div
43            168|313|div
44            9|313|div
45            124|313|div
46            93|313|div
47            184|313|div
48            216|313|div
49            98|313|div
50            225|313|div
51            107|313|div
52            142|313|div
53            270|328|div
54            251|313|div
55            259|313|div
56            34|313|div
57            370|313|div
58            89|313|div
59            30|313|div
#-----------------------------------------------------------------------
60            308|279|mult
61            328|313|div
62            287|82|div
63            212|322|div
64            366|212|mult
65            308|301|mult
66            212|134|mult
67            344|308|mult
68            10|313|div
69            139|33|sub
70            18|11|mult
71            18|328|div
72            270|10|div
73            212|199|mult
74            18|10|div
75            308|221|mult
76            212|61|mult
77            249|212|mult
78            347|308|mult
79            212|293|div
#-----------------------------------------------------------------------
80            248|212|mult
81            212|56|mult
82            256|212|mult
83            348|56|mult
84            344|212|mult
85            212|205|mult
86            348|279|mult
87            221|212|mult
88            212|18|mult
89            329|128|div
90            212|249|div
91            245|212|mult
92            348|184|div
93            375|212|mult
94            348|216|div
95            348|221|mult
96            348|347|mult
97            348|344|mult
98            212|137|mult
99            305|212|mult
#-----------------------------------------------------------------------
