# FEAT_ID     Feature Postfix Expression (RPN)
0             304|229|add
1             358|308|add
2             351|308|add
3             112|99|add
4             245|cb
5             304|60|add
6             336|99|sub
7             375|304|add
8             308|30|add
9             375|308|add
10            308|302|add
11            285|cb
12            335|99|add
13            308|60|add
14            326|194|add
15            99|25|add
16            308|278|add
17            302|99|add
18            278|99|add
19            368|194|add
#-----------------------------------------------------------------------
20            341|326|mult
21            46|374|div
22            308|94|div
23            308|197|div
24            340|61|mult
25            304|340|div
26            61|94|div
27            61|197|div
28            61|340|div
29            341|308|mult
30            304|197|div
31            341|304|mult
32            304|94|div
33            340|304|mult
34            340|23|mult
35            340|230|mult
36            326|94|div
37            326|197|div
38            195|23|mult
39            230|195|mult
#-----------------------------------------------------------------------
40            355|204|mult
41            367|261|sub
42            175|97|mult
43            367|13|mult
44            355|316|mult
45            355|320|mult
46            299|244|mult
47            244|113|mult
48            367|320|mult
49            278|128|sub
50            88|361|div
51            280|210|div
52            355|113|mult
53            97|88|mult
54            261|128|sub
55            88|160|div
56            128|111|div
57            355|138|mult
58            244|138|mult
59            336|261|sub
#-----------------------------------------------------------------------
60            305|314|div
61            67|153|div
62            262|314|div
63            168|314|div
64            175|314|div
65            19|314|div
66            314|111|div
67            257|221|mult
68            215|314|div
69            149|111|div
70            227|314|div
71            149|348|div
72            227|33|sub
73            257|163|mult
74            31|66|div
75            266|314|div
76            31|228|div
77            100|314|div
78            225|99|div
79            46|293|div
#-----------------------------------------------------------------------
80            277|243|div
81            221|220|mult
82            345|314|div
83            350|305|div
84            303|163|mult
85            238|305|div
86            67|93|div
87            220|163|mult
88            282|93|div
89            337|93|div
90            170|348|div
91            337|314|div
92            53|93|div
93            283|93|div
94            149|305|div
95            16|243|div
96            238|348|div
97            156|305|div
98            105|37|div
99            139|150|div
#-----------------------------------------------------------------------
