# FEAT_ID     Feature Postfix Expression (RPN)
0             40|11|add
1             85|11|add
2             149|80|add
3             145|11|add
4             149|87|add
5             169|80|add
6             127|11|add
7             101|87|add
8             46|11|add
9             169|87|add
10            141|87|add
11            80|46|add
12            87|46|add
13            141|80|add
14            101|80|add
15            87|40|add
16            169|11|add
17            80|40|add
18            87|85|add
19            85|80|add
#-----------------------------------------------------------------------
20            89|64|add
21            85|77|sub
22            125|102|sub
23            127|60|sub
24            142|68|sub
25            106|102|sub
26            142|40|sub
27            187|142|sub
28            182|40|sub
29            145|142|sub
30            145|102|sub
31            142|90|sub
32            127|102|sub
33            142|85|sub
34            170|102|sub
35            142|46|sub
36            142|125|sub
37            169|142|sub
38            155|102|sub
39            136|102|sub
#-----------------------------------------------------------------------
40            21|19|mult
41            43|19|mult
42            19|13|div
43            109|19|mult
44            19|13|mult
45            38|19|mult
46            185|19|mult
47            59|19|mult
48            107|19|mult
49            19|2|mult
50            31|19|mult
51            53|19|mult
52            96|19|mult
53            171|19|mult
54            120|19|mult
55            179|19|mult
56            26|19|mult
57            70|19|mult
58            66|19|mult
59            117|19|mult
#-----------------------------------------------------------------------
60            146|156|div
61            19|113|div
62            174|137|mult
63            103|169|div
64            73|169|div
65            138|46|div
66            81|113|div
67            146|136|div
68            174|15|mult
69            146|93|div
70            146|3|div
71            23|169|div
72            101|6|div
73            146|90|div
74            86|169|div
75            154|169|div
76            146|46|div
77            174|32|mult
78            138|169|div
79            146|169|div
#-----------------------------------------------------------------------
80            29|102|div
81            163|156|div
82            163|93|div
83            163|3|div
84            113|102|div
85            140|102|div
86            178|102|div
87            56|5|mult
88            4|102|div
89            181|102|div
90            44|102|div
91            142|102|div
92            187|102|div
93            112|75|div
94            116|102|div
95            108|102|div
96            184|102|div
97            125|102|div
98            54|102|div
99            102|75|div
#-----------------------------------------------------------------------
