# FEAT_ID     Feature Postfix Expression (RPN)
0             45|19|add
1             12|3|sub
2             13|12|sub
3             45|12|sub
4             19|3|add
5             43|37|add
6             37|19|add
7             21|14|add
8             42|37|add
9             37|13|add
10            37|cb
11            37
12            14|13|add
13            37|21|add
14            37|12|sub
15            37|3|add
16            45|14|add
17            14|3|add
18            45|37|add
19            37|14|add
#-----------------------------------------------------------------------
20            22|33|div
21            45|36|sub
22            33|12|mult
23            37|18|sub
24            37|33|sub
25            37|13|mult
26            42|14|sub
27            14|12|mult
28            42|12|sub
29            37|29|add
30            42|37|sub
31            37|20|add
32            21|12|sub
33            42|33|div
34            37|36|sub
35            38|37|sub
36            42|14|add
37            37|9|add
38            29|33|div
39            12|33|div
#-----------------------------------------------------------------------
40            19|14|mult
41            45|29|add
42            0|inv
43            21|13|add
44            27|36|div
45            45
46            14|1|mult
47            38|0|div
48            20|0|div
49            32|36|div
50            42|13|add
51            12|0|div
52            45|38|sub
53            43|14|mult
54            45|12|add
55            43|14|div
56            34|36|div
57            45|13|add
58            19|13|div
59            45|39|add
#-----------------------------------------------------------------------
60            45|33|sub
61            37|12|mult
62            43|14|add
63            27|14|sub
64            14|1|add
65            45|21|add
66            45|22|sub
67            20|14|add
68            21|3|add
69            21|14|sub
70            19|14|add
71            14
72            45|3|add
73            14|0|div
74            12|13|div
75            33|0|div
76            19|36|div
77            1|36|div
78            43|0|div
79            22|1|div
#-----------------------------------------------------------------------
80            19|37|div
81            1|31|div
82            37|36|mult
83            36|1|div
84            14|31|div
85            12|34|div
86            19|14|div
87            43|35|mult
88            20|39|div
89            35|19|mult
90            42|13|div
91            42|13|mult
92            29|39|div
93            0|39|div
94            21|13|div
95            12|31|div
96            33|31|div
97            13|0|div
98            32|20|mult
99            45|13|div
#-----------------------------------------------------------------------
