# FEAT_ID     Feature Postfix Expression (RPN)
0             256|10|mult
1             139|43|sub
2             287|268|sub
3             268|43|add
4             214|43|add
5             293|139|sub
6             224|38|sub
7             72|39|add
8             158|72|add
9             72|188|div
10            186|72|sub
11            72
12            293|72|add
13            190|139|sub
14            175|139|sub
15            287|72|sub
16            72|43|add
17            139|55|sub
18            139|38|sub
19            224|55|sub
#-----------------------------------------------------------------------
20            325|260|div
21            313|260|div
22            72|221|div
23            54|221|div
24            336|221|div
25            369|221|div
26            214|40|mult
27            204|221|div
28            280|221|div
29            198|221|div
30            40|260|div
31            355|55|sub
32            374|77|div
33            339|221|div
34            268|40|mult
35            251|221|div
36            44|221|div
37            72|40|mult
38            269|44|mult
39            305|221|div
#-----------------------------------------------------------------------
40            144|247|div
41            308|73|div
42            250|255|div
43            348|68|div
44            231|247|div
45            310|239|sub
46            158|218|div
47            224|68|div
48            310|67|sub
49            355|305|sub
50            39|247|div
51            89|9|mult
52            355|287|add
53            294|79|sub
54            360|89|mult
55            224|247|div
56            129|9|mult
57            355|328|add
58            355|28|add
59            355|44|sub
#-----------------------------------------------------------------------
60            216|44|add
61            6|330|div
62            129|80|mult
63            56|50|mult
64            344|56|mult
65            351|170|mult
66            265|161|div
67            328|220|div
68            137|84|mult
69            351|257|mult
70            140|330|div
71            147|56|mult
72            56|161|div
73            149|56|mult
74            89|56|mult
75            129|56|mult
76            170|9|mult
77            227|161|div
78            257|56|mult
79            170|56|mult
#-----------------------------------------------------------------------
80            291|162|div
81            281|154|div
82            321|57|mult
83            57|12|mult
84            177|170|sub
85            258|154|div
86            6|162|div
87            265|57|mult
88            291|154|div
89            57|23|mult
90            341|153|mult
91            133|57|mult
92            6|154|div
93            140|229|div
94            57|17|mult
95            57|52|mult
96            284|57|mult
97            140|208|div
98            140|162|div
99            140|154|div
#-----------------------------------------------------------------------
